1 13116 0
2 279396 0
3 282168 0
4 282680 0
5 301948 0
6 325528 0
7 328340 0
8 328372 0
9 324864 0
10 324864 0
11 324864 0
12 324864 0
13 324864 0
14 324864 0
15 324864 0
16 324864 0
17 324864 0
18 324864 0
19 324864 0
20 324864 0
21 324864 0
22 324864 0
23 324864 0
24 324864 0
25 324864 0
26 324864 0
27 324864 0
28 324864 0
29 324864 0
30 324864 0
31 324864 0
32 324864 0
33 324864 0
34 324864 0
35 324864 0
36 324864 0
37 324864 0
38 324864 0
39 324864 0
40 324864 0
41 324864 0
42 324864 0
43 324864 0
44 324864 0
45 324864 0
46 324864 0
47 324864 0
48 324864 0
49 324864 0
50 324864 0
51 324864 0
52 324864 0
53 324864 0
54 324864 0
55 324864 0
56 324864 0
57 324864 0
58 324864 0
59 324864 0
60 324864 0
61 324864 0
62 324864 0
63 324864 0
64 324864 0
65 324864 0
66 324864 0
67 324864 0
68 324864 0
69 324864 0
70 324864 0
71 324864 0
72 324864 0
73 324864 0
74 324864 0
75 324864 0
76 324864 0
77 324864 0
78 324864 0
79 324864 0
80 324864 0
81 324864 0
82 324864 0
83 324864 0
84 324864 0
85 324864 0
86 324864 0
87 324864 0
88 324864 0
89 324864 0
90 324864 0
91 324864 0
92 324864 0
93 324864 0
94 324864 0
95 324864 0
96 324864 0
97 324864 0
98 324864 0
99 324864 0
100 324864 0
101 324864 0
102 324864 0
103 324864 0
104 324864 0
105 324864 0
106 324864 0
107 324864 0
108 324864 0
109 324864 0
110 324864 0
111 324864 0
112 324864 0
113 324864 0
114 324864 0
115 324864 0
116 324864 0
117 324864 0
118 324864 0
119 324864 0
120 324864 0
121 324864 0
122 324864 0
123 324864 0
124 324864 0
125 324864 0
126 324864 0
127 324864 0
128 324864 0
129 324864 0
130 324864 0
131 324864 0
132 324864 0
133 324864 0
134 324864 0
135 324864 0
136 324864 0
137 324864 0
138 324864 0
139 324864 0
140 324864 0
141 324864 0
142 324864 0
143 324864 0
144 325376 0
145 325376 0
146 325376 0
147 325376 0
148 325376 0
149 325376 0
150 325376 0
151 325376 0
152 325376 0
153 325376 0
154 325376 0
155 325376 0
156 325376 0
157 325376 0
158 325376 0
159 325376 0
160 325376 0
161 325376 0
162 325376 0
163 325376 0
164 325376 0
165 325376 0
166 325376 0
167 325376 0
168 325376 0
169 325376 0
170 325376 0
171 325376 0
172 325376 0
173 325376 0
174 325376 0
175 325376 0
176 325376 0
177 325376 0
178 325376 0
179 325376 0
180 325376 0
181 325376 0
182 325376 0
183 325376 0
184 325376 0
185 325376 0
186 325376 0
187 325376 0
188 325376 0
189 325376 0
190 325376 0
191 325376 0
192 325376 0
193 325376 0
194 325376 0
195 325376 0
196 325376 0
197 325376 0
198 325376 0
199 325376 0
200 325376 0
201 325376 0
202 325376 0
203 325376 0
204 325376 0
205 325376 0
206 325376 0
207 325376 0
208 325376 0
209 325376 0
210 325376 0
211 325376 0
212 325376 0
213 325376 0
214 325376 0
215 325376 0
216 325376 0
217 325376 0
218 325376 0
219 325376 0
220 325376 0
221 325376 0
222 325376 0
223 325376 0
224 325376 0
225 325376 0
226 325376 0
227 325376 0
228 325376 0
229 325376 0
230 325376 0
231 325376 0
232 325376 0
233 325376 0
234 325376 0
235 325376 0
236 325376 0
237 325376 0
238 325376 0
239 325376 0
240 325376 0
241 325376 0
242 325376 0
243 325376 0
244 325376 0
245 325376 0
246 325376 0
247 325376 0
248 325376 0
249 325376 0
250 325376 0
251 325376 0
252 325376 0
253 325376 0
254 325376 0
255 325376 0
256 325376 0
257 325376 0
258 325376 0
259 325376 0
260 325376 0
261 325376 0
262 325376 0
263 325376 0
264 325376 0
265 325376 0
266 325376 0
267 325376 0
268 325376 0
269 325376 0
270 325376 0
271 325376 0
272 325376 0
273 325376 0
274 325376 0
275 325376 0
276 325888 0
277 325888 0
278 325888 0
279 325888 0
280 325888 0
281 325888 0
282 325888 0
283 325888 0
284 325888 0
285 325876 0
286 325876 0
287 325876 0
288 325876 0
289 325876 0
290 325876 0
291 325876 0
292 325876 0
293 325876 0
