2 278636 0
3 278636 0
4 317028 0
5 319904 0
6 320752 0
7 319256 0
8 319256 0
9 319256 0
10 319256 0
11 319256 0
12 319256 0
13 319256 0
14 319256 0
15 319256 0
16 319256 0
17 319256 0
18 319256 0
19 319256 0
20 319256 0
21 319256 0
22 319256 0
23 319256 0
24 319256 0
25 319256 0
26 319256 0
27 319256 0
28 319256 0
29 319256 0
30 319256 0
31 319256 0
32 319256 0
33 319256 0
34 319256 0
35 319256 0
36 319256 0
37 319256 0
38 319256 0
39 319256 0
40 319256 0
41 319256 0
42 319256 0
43 319256 0
44 319256 0
45 319256 0
46 319256 0
47 319256 0
48 319256 0
49 319256 0
50 319256 0
51 319256 0
52 319256 0
53 319256 0
54 319256 0
55 319256 0
56 319256 0
57 319256 0
58 319256 0
59 319256 0
60 319256 0
61 319256 0
62 319256 0
63 319256 0
64 319256 0
65 319256 0
66 319256 0
67 319256 0
68 319256 0
69 319256 0
70 319256 0
71 319256 0
72 319256 0
73 319256 0
74 319256 0
75 319256 0
76 319256 0
77 319256 0
78 319256 0
79 319256 0
80 319256 0
81 319256 0
82 319256 0
83 319256 0
84 319256 0
85 319256 0
86 319256 0
87 319256 0
88 319256 0
89 319256 0
90 319256 0
91 319256 0
92 319256 0
93 319256 0
94 319256 0
95 319256 0
96 319256 0
97 319256 0
98 319256 0
99 319256 0
100 319256 0
101 319256 0
102 319256 0
103 319256 0
104 319256 0
105 319256 0
106 319256 0
107 319256 0
108 319256 0
109 319256 0
110 319256 0
111 319256 0
112 319256 0
113 319256 0
114 319256 0
115 319256 0
116 319256 0
117 319256 0
118 319256 0
119 319256 0
120 319256 0
121 319256 0
122 319256 0
123 319256 0
124 319256 0
125 319256 0
126 319256 0
127 319256 0
128 319256 0
129 319256 0
130 319256 0
131 319256 0
132 319256 0
133 319256 0
134 319256 0
135 319256 0
136 319256 0
137 319256 0
138 319256 0
139 319256 0
140 319256 0
141 319256 0
142 319768 0
143 319768 0
144 319768 0
145 319768 0
146 319768 0
147 319768 0
148 319768 0
149 319768 0
150 319768 0
151 319768 0
152 319768 0
153 319768 0
154 319768 0
155 319768 0
156 319768 0
157 319768 0
158 319768 0
159 319768 0
160 319768 0
161 319768 0
162 319768 0
163 319768 0
164 319768 0
165 319768 0
166 319768 0
167 319768 0
168 319768 0
169 319768 0
170 319768 0
171 319768 0
172 319768 0
173 319768 0
174 319768 0
175 319768 0
176 319768 0
177 319768 0
178 319768 0
179 319768 0
180 319768 0
181 319768 0
182 319768 0
183 319768 0
184 319768 0
185 319768 0
186 319768 0
187 319768 0
188 319768 0
189 319768 0
190 319768 0
191 319768 0
192 319768 0
193 319768 0
194 319768 0
195 319768 0
196 319768 0
197 319768 0
198 319768 0
199 319768 0
200 319768 0
201 319768 0
202 319768 0
203 319768 0
204 319768 0
205 319768 0
206 319768 0
207 319768 0
208 319768 0
209 319768 0
210 319768 0
211 319768 0
212 319768 0
213 319768 0
214 319768 0
215 319768 0
216 319768 0
217 319768 0
218 319768 0
219 319768 0
220 319768 0
221 319768 0
222 319768 0
223 319768 0
224 319768 0
225 319768 0
226 319768 0
227 319768 0
228 319768 0
229 319768 0
230 319768 0
231 319768 0
232 319768 0
233 319768 0
234 319768 0
235 319768 0
236 319768 0
237 319768 0
238 319768 0
239 319768 0
240 319768 0
241 319768 0
242 319768 0
243 319768 0
244 319768 0
245 319768 0
246 319768 0
247 319768 0
248 319768 0
249 319768 0
250 319768 0
251 319768 0
252 319768 0
253 319768 0
254 319768 0
255 319768 0
256 319768 0
257 319768 0
258 319768 0
259 319768 0
260 319768 0
261 319768 0
262 319768 0
263 319768 0
264 319768 0
265 319768 0
266 319768 0
267 319768 0
268 319768 0
269 319768 0
270 319768 0
271 319768 0
272 319768 0
273 319768 0
274 320280 0
275 320280 0
276 320280 0
277 320280 0
278 320280 0
279 320280 0
280 320280 0
281 320280 0
282 320268 0
283 320268 0
284 320268 0
285 320268 0
286 320268 0
287 320268 0
288 320268 0
289 320268 0
290 320268 0
291 320268 0
292 320268 0
293  
