1 13596 0
2 279728 0
3 282496 0
4 283008 0
5 328120 0
6 328956 0
7 330024 0
8 330864 0
9 332252 0
10 332984 0
11 333820 0
12 334656 0
13 335456 0
14 336296 0
15 337132 0
16 337948 0
17 338784 0
18 339620 0
19 340452 0
20 340856 0
21 342296 0
22 343104 0
23 343792 0
24 343908 0
25 343908 0
26 343940 0
27 343940 0
28 343940 0
29 343940 0
30 343940 0
31 340392 0
32 340392 0
33 340392 0
34 340392 0
35 340392 0
36 340392 0
37 340392 0
38 340392 0
39 340392 0
40 340392 0
41 340392 0
42 340392 0
43 340392 0
44 340392 0
45 340392 0
46 340392 0
47 340392 0
48 340392 0
49 340392 0
50 340392 0
51 340392 0
52 340392 0
53 340392 0
54 340392 0
55 340392 0
56 340392 0
57 340392 0
58 340392 0
59 340392 0
60 340392 0
61 340392 0
62 340392 0
63 340392 0
64 340392 0
65 340392 0
66 340392 0
67 340392 0
68 340392 0
69 340392 0
70 340392 0
71 340392 0
72 340392 0
73 340392 0
74 340392 0
75 340392 0
76 340392 0
77 340392 0
78 340392 0
79 340392 0
80 340392 0
81 340392 0
82 340392 0
83 340392 0
84 340392 0
85 340392 0
86 340392 0
87 340392 0
88 340392 0
89 340392 0
90 340392 0
91 340392 0
92 340392 0
93 340392 0
94 340392 0
95 340392 0
96 340392 0
97 340392 0
98 340392 0
99 340392 0
100 340392 0
101 340392 0
102 340392 0
103 340392 0
104 340392 0
105 340392 0
106 340392 0
107 340392 0
108 340392 0
109 340392 0
110 340392 0
111 340392 0
112 340392 0
113 340392 0
114 340392 0
115 340392 0
116 340392 0
117 340392 0
118 340392 0
119 340392 0
120 340392 0
121 340392 0
122 340392 0
123 340392 0
124 340392 0
125 340392 0
126 340392 0
127 340392 0
128 340392 0
129 340392 0
130 340392 0
131 340392 0
132 340392 0
133 340392 0
134 340392 0
135 340392 0
136 340392 0
137 340392 0
138 340392 0
139 340392 0
140 340392 0
141 340392 0
142 340392 0
143 340392 0
144 340392 0
145 340392 0
146 340392 0
147 340392 0
148 340392 0
149 340392 0
150 340392 0
151 340392 0
152 340392 0
153 340392 0
154 340392 0
155 340392 0
156 340392 0
157 340392 0
158 340392 0
159 340392 0
160 340392 0
161 340392 0
162 340392 0
163 340392 0
164 340904 0
165 340904 0
166 340904 0
167 340904 0
168 340904 0
169 340904 0
170 340904 0
171 340904 0
172 340904 0
173 340904 0
174 340904 0
175 340904 0
176 340904 0
177 340904 0
178 340904 0
179 340904 0
180 340904 0
181 340904 0
182 340904 0
183 340904 0
184 340904 0
185 340904 0
186 340904 0
187 340904 0
188 340824 0
189 340824 0
190 340824 0
191 340572 0
192 340572 0
193 340572 0
194 340572 0
195 340572 0
196 340572 0
197 340572 0
198 340572 0
199 340572 0
200 339776 0
201 339776 0
202 339776 0
203 339776 0
204 339776 0
205 339776 0
206 339776 0
207 339776 0
208 339776 0
209 339776 0
210 339776 0
211 339776 0
212 339776 0
213 339776 0
214 339776 0
215 339776 0
216 339776 0
217 339776 0
218 339776 0
219 339776 0
220 339776 0
221 339776 0
222 339776 0
223 339776 0
224 339776 0
225 339776 0
226 339776 0
227 339776 0
228 339776 0
229 339776 0
230 339776 0
231 339776 0
232 339776 0
233 339776 0
234 339776 0
235 339776 0
236 339776 0
237 339776 0
238 339776 0
239 339776 0
240 339776 0
241 339776 0
242 339776 0
243 339776 0
244 339776 0
245 339776 0
246 339776 0
247 339776 0
248 339776 0
249 339776 0
250 339776 0
251 339776 0
252 339776 0
253 339776 0
254 339776 0
255 339776 0
256 339776 0
257 339776 0
258 339776 0
259 339776 0
260 339776 0
261 339776 0
262 339776 0
263 339776 0
264 339776 0
265 339776 0
266 339776 0
267 339776 0
268 339776 0
269 339776 0
270 339776 0
271 339776 0
272 339776 0
273 339776 0
274 339776 0
275 339776 0
276 339776 0
277 339776 0
278 339776 0
279 339776 0
280 339776 0
281 339776 0
282 339776 0
283 339776 0
284 339776 0
285 339776 0
286 339776 0
287 339776 0
288 339776 0
289 339776 0
290 339776 0
291 339776 0
292 339776 0
293 339776 0
