2 29896 0
3 266640 0
4 278932 0
5 283644 0
6 311696 0
7 320036 0
8 320856 0
9 321696 0
10 322532 0
11 323372 0
12 324248 0
13 325120 0
14 325660 0
15 325660 0
16 325660 0
17 321564 0
18 321564 0
19 321564 0
20 321564 0
21 321564 0
22 321564 0
23 321564 0
24 321564 0
25 321564 0
26 321564 0
27 321564 0
28 321564 0
29 321564 0
30 321564 0
31 321564 0
32 321564 0
33 321564 0
34 321564 0
35 321564 0
36 321564 0
37 321564 0
38 321564 0
39 321564 0
40 321564 0
41 321564 0
42 321564 0
43 321564 0
44 321564 0
45 321564 0
46 321564 0
47 321564 0
48 321564 0
49 321564 0
50 321564 0
51 321564 0
52 321564 0
53 321564 0
54 321564 0
55 321564 0
56 321564 0
57 321564 0
58 321564 0
59 321564 0
60 321564 0
61 321564 0
62 321564 0
63 321564 0
64 321564 0
65 321564 0
66 321564 0
67 321564 0
68 321564 0
69 321564 0
70 321564 0
71 321564 0
72 321564 0
73 321564 0
74 321564 0
75 321564 0
76 321564 0
77 321564 0
78 321564 0
79 321564 0
80 321564 0
81 321564 0
82 321564 0
83 321564 0
84 321564 0
85 321564 0
86 321564 0
87 321564 0
88 321564 0
89 321564 0
90 321564 0
91 321564 0
92 321564 0
93 321564 0
94 321564 0
95 321564 0
96 321564 0
97 321564 0
98 321564 0
99 321564 0
100 321564 0
101 321564 0
102 321564 0
103 321564 0
104 321564 0
105 321564 0
106 321564 0
107 321564 0
108 321564 0
109 321564 0
110 321564 0
111 321564 0
112 321564 0
113 321564 0
114 321564 0
115 321564 0
116 321564 0
117 321564 0
118 321564 0
119 321564 0
120 321564 0
121 321564 0
122 321564 0
123 321564 0
124 321564 0
125 321564 0
126 321564 0
127 321564 0
128 321564 0
129 321564 0
130 321564 0
131 321564 0
132 321564 0
133 321564 0
134 321564 0
135 321564 0
136 321564 0
137 321564 0
138 321564 0
139 321564 0
140 321564 0
141 321564 0
142 321564 0
143 321564 0
144 321564 0
145 321564 0
146 321564 0
147 322032 0
148 322032 0
149 322032 0
150 322032 0
151 322032 0
152 322032 0
153 322032 0
154 322032 0
155 322032 0
156 322032 0
157 322032 0
158 322032 0
159 322032 0
160 322032 0
161 322032 0
162 322032 0
163 322032 0
164 322032 0
165 322032 0
166 322032 0
167 322032 0
168 322032 0
169 322032 0
170 322032 0
171 322032 0
172 322032 0
173 322032 0
174 322032 0
175 322032 0
176 322032 0
177 322032 0
178 322032 0
179 322032 0
180 322032 0
181 322032 0
182 322032 0
183 322032 0
184 322032 0
185 322032 0
186 322032 0
187 322032 0
188 322032 0
189 322032 0
190 322032 0
191 322032 0
192 322032 0
193 322032 0
194 322032 0
195 322032 0
196 322032 0
197 322032 0
198 322032 0
199 322032 0
200 322032 0
201 322032 0
202 322032 0
203 322032 0
204 322032 0
205 322032 0
206 322032 0
207 322032 0
208 322032 0
209 322032 0
210 322032 0
211 322032 0
212 322032 0
213 322032 0
214 322032 0
215 322032 0
216 322032 0
217 322032 0
218 322032 0
219 322032 0
220 322032 0
221 322032 0
222 322032 0
223 322032 0
224 322032 0
225 322032 0
226 322032 0
227 322032 0
228 322032 0
229 322032 0
230 322032 0
231 322032 0
232 322032 0
233 322032 0
234 322032 0
235 322032 0
236 322032 0
237 322032 0
238 322032 0
239 322032 0
240 322032 0
241 322032 0
242 322032 0
243 322032 0
244 322032 0
245 322032 0
246 322032 0
247 322032 0
248 322032 0
249 322032 0
250 322032 0
251 322032 0
252 322032 0
253 322032 0
254 322032 0
255 322032 0
256 322032 0
257 322032 0
258 322032 0
259 322032 0
260 322032 0
261 322032 0
262 322032 0
263 322032 0
264 322032 0
265 322032 0
266 322032 0
267 322032 0
268 322032 0
269 322032 0
270 322032 0
271 322032 0
272 322032 0
273 322032 0
274 322032 0
275 322032 0
276 322032 0
277 322032 0
278 322032 0
279 322544 0
280 322544 0
281 322544 0
282 322544 0
283 322544 0
284 322544 0
285 322544 0
286 322544 0
287 322532 0
288 322532 0
289 322532 0
290 322532 0
291 322532 0
292 322532 0
293 322532 0
