170
30854  ---> 61708
32767  ---> 65534
1065  ---> 7455
9111  ---> 63777
6801  ---> 13602
21201  ---> 42402
32767  ---> 65534
24585  ---> 49170
26778
32767
23932
19316
22816  ---> 10267
8374  ---> 3768
32767
23511
19897
16505
29190
22843
15860
28686
24108
25056
17125
32767
14638
23494  ---> 14096
28295  ---> 21221
24859  ---> 18644
27349  ---> 20511
25978  ---> 19483
13339  ---> 10004
12355  ---> 9266
19280  ---> 14460
23347  ---> 17510
23727  ---> 17795
20245  ---> 15183
27386  ---> 20539
21645  ---> 16233
29011  ---> 21758
23832  ---> 17874
13595  ---> 10196
23071  ---> 17303
15192  ---> 11394
32767  ---> 65534
32767  ---> 65534
11603  ---> 23206
9202  ---> 18404
31067  ---> 186402
24155  ---> 144930
22896  ---> 137376
20323  ---> 121938
30022  ---> 180132
31582  ---> 189492
21913  ---> 131478
17481  ---> 104886
24704  ---> 148224
14515  ---> 87090
30691  ---> 184146
30123  ---> 180738
21348
18717
16452
18399
29962
24233
26260  ---> 7878
11361
15350
7807
9450
7230
27951
11851
18331
10307
32767
26646
26305
13919
32767  ---> 40958
4217
11324  ---> 6228
32767  ---> 26213
13349
19719
10471
8985
11506
32767
0
14170
15726  ---> 8649
15310
13838
25789  ---> 2578
32767  ---> 65534
10028  ---> 20056
27545
26174  ---> 10469
18951
11083  ---> 6649
25234
11312
19279
15472
22202
8311
26768
0
23309
21986
17885
32767  ---> 65534
32767  ---> 65534
27874  ---> 55748
22899  ---> 45798
23274  ---> 46548
26381  ---> 52762
32767
32060
14177
27886
8117
14274
17616  ---> 7927
6799  ---> 3059
16671  ---> 7501
6073  ---> 2732
15766  ---> 7094
7531
3911
20080
4484
9237  ---> 7389
14205  ---> 5682
11066  ---> 8299
14177  ---> 10632
32767  ---> 9830
12390
13325
15142
11166
9346
9995
20556
17811
26597
31644  ---> 3164
25057  ---> 3758
4097  ---> 2867
1129  ---> 2822
1323  ---> 3042
3966  ---> 3569
679  ---> 1561
742  ---> 2597
1891  ---> 3782
1750  ---> 3500
4648
3808
3811
7807  ---> 3903
1546  ---> 3865
3681
719  ---> 1581
26597  ---> 2659
18717  ---> 3743
0
0
